0.0845798608014702
0.3359813637757792
0.2912194185636897
0.368023208756115
0.8673636849609287
0.1059921313509325
0.16839750037215276
0.3808165329771115
0.41120705506761873
0.22576484600261607
0.22150013430590973
0.2916722353168035
0.3188827274930885
0.6481633968999561
0.2523342014336961
0.1458365918972267
0.18443191662261307
0.5056055588739691
0.20613696606828608
0.5727393584196196
0.07244081925041987
0.45026814465562653
0.27982806524328774
0.5883635900492964
0.5193879933129156
0.1429197295221492
0.06655924660794857
0.18340782662696314
0.317107466580271
0.6327904583679946
0.2329796548048752
0.26050181704867925
0.317107466580271
0.1785662155575748
0.3041257418754935
0.2720595904124083
0.17077611319011654
0.22150013430590973
0.11234277891542777
0.5031026124151314
0.26055567105626243
0.0787446034559451
0.4071146526809136
0.40298220897396103
0.615218690896332
0.2853061909813609
0.317107466580271
0.6764792400877004
0.622540746813751
0.5031026124151314
0.0
0.18443191662261307
0.36847993185778133
0.5803329846765686
0.6351986941675815
0.17526581733838237
0.2798280652432878
0.2532094495161745
0.4652915323370137
0.5744651733947116
0.26039420913696104
0.16839750037215276
0.40735260428856745
0.40298220897396103
0.43161341897075156
0.1908740661302035
0.40735260428856757
0.4576241622696325
0.38087260847594373
0.5101490193104814
0.19933326305280247
0.4071146526809138
0.41120705506761873
0.3359813637757792
0.6327904583679945
0.0845798608014702
0.46851910788108564
0.18443191662261307
0.527072475829346
0.40298220897396103
0.0
0.12083223046959848
0.5797386715376659
0.27982806524328774
0.615218690896332
0.08176804146599938
0.1429197295221492
0.33609692727625745
0.4773595640217166
0.38087260847594373
0.15592892548708362
0.3188827274930885
0.14587439082056453
0.27982806524328774
0.5586177528223194
0.0
0.0
0.275195812175023
0.317107466580271
0.5193879933129156
0.0
0.15976420924144444
0.43927499031635536
0.2523342014336961
0.29121941856368966
0.0
0.26055567105626243
0.5332087607532633
0.38087260847594373
0.6327904583679945
0.06804963087832473
0.37480777005897253
0.49083421206610733
0.3360969272762575
0.5031026124151314
0.36771998046974713
0.11521554337793123
0.33909949983813853
0.41120705506761873
0.5727393584196196
0.13502847506727242
0.2746117864358066
0.27161864519299284
0.4743307064971939
0.5727393584196198
0.09349477497536718
0.16043973993961197
0.3446421410380548
0.18443191662261307
0.38087260847594373
0.13507348367087132
0.14438355527738672
0.49083421206610717
0.44298097602564096
0.23297965480487529
0.0
0.23855344519607372
0.23297965480487529
0.43940411878495744
0.45026814465562653
0.05700655341923562
0.22576484600261607
0.5149138161160748
0.38087260847594373
0.5270724758293458
0.16839750037215276
0.20199309249791833
0.11234277891542777
0.3188827274930885
0.3532666629240934
0.0
0.18441281404996285
0.614746466791819
0.5149138161160748
0.8336336389685021
0.07244081925041984
0.16836842163679844
0.3563004293331381
0.615218690896332
0.38087260847594373
0.20199309249791841
0.4112070550676186
0.41120705506761873
0.3875569814434229
0.8831282039194523
0.05992996822422367
0.07244081925041987
0.5270724758293458
0.45026814465562653
0.5803329846765686
0.0
0.12081074506081595
0.3188827274930885
0.3446421410380548
0.41120705506761873
0.07244081925041987
0.1834078266269632
0.0
0.5031026124151314
0.6327904583679945
0.15976420924144444
0.10163066979112656
0.3875572553672504
0.5270724758293458
0.5803329846765686
0.13627634143908643
0.22150013430590973
0.3808165329771115
0.33609692727625745
0.5376010876815549
0.0633548122219654
0.33909949983813853
0.3563004293331381
0.5031026124151314
0.5193879933129156
0.14438355527738672
0.10163066979112656
0.15592892548708362
0.38087260847594373
0.38087260847594373
0.19933326305280252
0.22150013430590973
0.0870444679250422
0.49083421206610717
0.5479807587583923
0.22020138715358498
0.17583020868334934
0.27982806524328774
0.7060777744337089
0.6029748160380571
0.22576484600261607
0.2038037084651848
0.24129913647238913
0.4773595640217166
0.5507796339456278
0.0
0.20199309249791841
0.18443191662261307
0.392181175971253
0.45026814465562653
0.20199309249791841
0.18443191662261305
0.28825378403927704
0.5031026124151314
0.7799154245579976
0.06437099366532754
0.2798280652432878
0.38087260847594373
0.2798280652432878
0.6392306240536285
0.10778626961492307
0.21693381701139697
0.3446421410380548
0.17077611319011654
0.5043749694851543
0.0
0.20613696606828605
0.5043749694851543
0.3808165329771115
0.40298220897396103
0.0
0.20199309249791841
0.42113589132819573
0.5149138161160747
0.41120705506761873
0.0787446034559451
0.2038037084651848
0.3563004293331381
0.3446421410380548
0.6327904583679945
0.3041257418754935
0.20199309249791836
0.40711465268091374
0.622540746813751
0.25233420143369617
0.06804963087832473
0.6327904583679949
0.25431642559716855
0.474330706497194
0.38087260847594373
0.07244081925041986
0.19087406613020352
0.4363080696344093
0.39244259912930424
0.42113589132819584
0.2773962289762415
0.26050181704867925
0.22576484600261607
0.38081653297711143
0.6029748160380571
0.09349477497536716
0.40735260428856745
0.20613696606828605
0.5698344537068067
0.5507796339456278
0.13507348367087132
0.11234277891542777
0.288253784039277
0.4576241622696325
0.7060777744337089
0.275195812175023
0.3316500504151153
0.36091094553587033
0.317107466580271
0.43161341897075156
0.14438355527738672
0.27519581217502304
0.26969665998264064
0.7241072696029361
0.81818020736672
0.09349477497536716
0.0787446034559451
0.30412574187549357
0.25233420143369617
0.392181175971253
0.16812000266237895
0.33609692727625745
0.3408242166238353
0.34464214103805485
0.7060777744337089
0.07734781234369076
0.275195812175023
0.3041257418754935
0.4414101155873185
0.615218690896332
0.12083223046959848
0.24478531173455215
0.4112070550676186
0.43161341897075156
0.615218690896332
0.08768681980142448
0.41120705506761873
0.36802320875611494
0.4652915323370137
0.368023208756115
0.06655924660794857
0.12735952979479354
0.3041257418754935
0.46598909712311054
0.36802320875611494
0.1130407841661348
0.04723062045463176
0.2532094495161746
0.5803329846765689
0.5803329846765686
0.15231415519375907
0.24963549414381242
0.2605556710562624
0.5031026124151314
0.5507796339456278
0.275195812175023
0.3506469555705993
0.23297965480487526
0.20613696606828605
0.6949450440198665
0.2773962289762415
0.22576484600261607
0.3189156497867721
0.2842221139234553
0.3446421410380548
0.10163066979112656
0.18677053629508616
0.17077611319011654
0.5803329846765686
0.615218690896332
0.1350734836708713
0.10163066979112656
0.43161341897075156
0.4652915323370137
0.5803329846765686
0.1375436045558623
0.2038037084651848
0.3041257418754935
0.5031026124151314
0.14438355527738675
0.317107466580271
0.34464214103805485
0.5803329846765686
0.15976420924144444
0.10163066979112656
0.4333009465089471
0.5031026124151314
0.14587439082056453
0.34464214103805485
0.38087260847594373
0.6694188517266485
0.15592892548708362
0.27982806524328774
0.18443191662261307
0.7474073540060464
0.1707761131901165
0.18443191662261305
0.20613696606828605
0.40298220897396103
0.18443191662261305
0.3408242166238352
0.38087260847594373
0.38087260847594373
0.13049436152984825
0.23577033983032974
0.40298220897396103
0.8336336389685021
0.0845798608014702
0.07244081925041986
0.40298220897396103
0.5193879933129156
0.18976728433844914
0.22576484600261607
0.45026814465562653
0.5883635900492964
0.10163066979112656
0.2329796548048752
0.2379441116128916
0.4743307064971939
0.2315705261229729
0.0
0.45026814465562653
0.5193879933129156
0.16043973993961197
0.20613696606828605
0.11234277891542777
0.7327068970668787
0.16839750037215276
0.18443191662261307
0.368023208756115
0.3041257418754935
0.1506401849870651
0.4743307064971939
0.2605556710562624
0.6787551892030778
0.2329796548048752
0.43161341897075156
0.38087260847594373
0.45026814465562653
0.16839750037215276
0.3041257418754935
0.34464214103805485
0.5101490193104813
0.2532094495161745
0.20613696606828605
0.43161341897075156
0.4743307064971939
0.07244081925041987
0.12735952979479354
0.4109954639349511
0.5507796339456278
0.20613696606828608
0.0
0.5031026124151314
0.43161341897075156
0.17856621555757476
0.17077611319011654
0.20613696606828605
0.23297965480487529
0.275195812175023
0.46598909712311054
0.3446421410380548
0.5193879933129156
0.2798280652432878
0.0845798608014702
0.368023208756115
0.6694188517266485
0.0
0.45026814465562653
0.23577033983032974
0.4871909039824689
0.0
0.2532094495161745
0.6694188517266485
0.5056055588739692
0.3006975149263551
0.34464214103805474
0.3446421410380548
0.5193879933129156
0.0
0.34464214103805485
0.275195812175023
0.3446421410380548
0.13507348367087132
0.43161341897075156
0.5031026124151314
0.7548969126692828
0.1707761131901165
0.0633548122219654
0.2523342014336961
0.6735205045780812
0.22576484600261607
0.2532094495161745
0.18443191662261307
0.5803329846765686
0.0845798608014702
0.28825378403927704
0.2605556710562624
0.6694188517266485
0.07780894359285004
0.33609692727625745
0.22576484600261604
0.23297965480487529
0.20199309249791833
0.2532094495161745
0.5485297816691113
0.7765145304745155
0.0
0.11234277891542778
0.31125746752705374
0.7924040597102251
0.1350734836708713
0.20199309249791836
0.4112070550676186
0.7799154245579976
0.16839750037215276
0.20613696606828608
0.40298220897396103
0.6694188517266485
0.07244081925041987
0.2532094495161745
0.40298220897396103
0.5193879933129156
0.0
0.2532094495161745
0.5031026124151314
0.5193879933129156
0.0
0.40298220897396103
0.33609692727625745
0.5193879933129156
0.0
0.23577033983032974
0.22576484600261604
0.5031026124151314
0.14587439082056453
0.27982806524328774
0.474330706497194
0.6694188517266485
0.09349477497536716
0.2169338170113969
0.2532094495161745
0.38087260847594373
0.25431642559716855
0.17077611319011654
0.18443191662261307
0.7474073540060464
0.20613696606828605
0.16839750037215276
0.3446421410380548
0.36091094553587044
0.18443191662261307
0.20199309249791841
0.368023208756115
0.40298220897396103
0.17077611319011654
0.2751958121750231
0.5193879933129156
0.6829888006737203
0.20954240380710126
0.275195812175023
0.5507796339456278
0.6694188517266485
0.09349477497536716
0.23297965480487529
0.43161341897075156
0.45026814465562653
0.08704446792504218
0.20199309249791841
0.5031026124151314
0.40298220897396103
0.0
0.20199309249791833
0.5803329846765686
0.6735205045780811
0.0
0.07780894359285004
0.31125746752705374
0.5507796339456279
0.0845798608014702
0.20613696606828608
0.5031026124151314
0.5101490193104813
0.0
0.27519581217502304
0.40298220897396103
0.22576484600261604
0.14587439082056453
0.3041257418754935
0.275195812175023
0.3446421410380548
0.08704446792504217
0.3041257418754935
0.5031026124151314
0.6029748160380574
0.14587439082056453
0.11234277891542777
0.38087260847594373
0.5698344537068067
0.1350734836708713
0.25431642559716855
0.5803329846765686
0.38087260847594373
0.09642199947477413
0.20199309249791833
0.275195812175023
0.5803329846765686
0.11914719328677728
0.38087260847594373
0.20613696606828608
0.5193879933129156
0.0845798608014702
0.0845798608014702
0.474330706497194
0.5193879933129156
0.14438355527738672
0.5056055588739691
0.4112070550676186
0.7548969126692828
0.06804963087832473
0.4112070550676186
0.38087260847594373
0.6327904583679945
0.07244081925041987
0.08176804146599938
0.25233420143369617
0.8831282039194523
0.23577033983032974
0.38087260847594373
0.34464214103805485
0.6764792400877002
0.18443191662261307
0.3875569814434229
0.5031026124151314
0.5756173810890994
0.23577033983032974
0.0845798608014702
0.40298220897396103
0.38087260847594373
0.07244081925041987
0.07780894359285004
0.5031026124151314
0.5193879933129156
0.2329796548048752
0.45026814465562653
0.43161341897075156
0.4333009465089471
0.1350734836708713
0.5056055588739692
0.3041257418754935
0.7765145304745155
0.21693381701139697
0.10163066979112656
0.18443191662261307
0.6764792400877004
0.09193998174078082
0.45026814465562653
0.33609692727625745
0.5365999097663299
0.14587439082056453
0.22576484600261612
0.2655714473159557
0.33609692727625745
0.08704446792504217
0.33609692727625745
0.34464214103805485
0.38087260847594373
0.10163066979112656
0.23297965480487526
0.40298220897396103
0.5193879933129156
0.12083223046959846
0.18443191662261305
0.3446421410380548
0.7327068970668787
0.22576484600261607
0.275195812175023
0.40298220897396103
0.6694188517266485
0.1350734836708713
0.2912194185636897
0.34464214103805485
0.6694188517266485
0.20380370846518475
0.43161341897075156
0.317107466580271
0.8831282039194523
0.06123094334544521
0.27519581217502304
0.38087260847594373
0.23297965480487529
0.2523342014336961
0.1597642092414444
0.30412574187549357
0.5193879933129156
0.0845798608014702
0.20199309249791841
0.38087260847594373
0.43161341897075156
0.0
0.20613696606828608
0.275195812175023
0.22576484600261604
0.20199309249791833
0.16839750037215276
0.27982806524328774
0.6694188517266485
0.1908740661302035
0.14587439082056453
0.38087260847594373
0.5727393584196198
0.06744304769296748
0.22576484600261607
0.5586177528223194
0.3446421410380548
0.07244081925041986
0.27982806524328774
0.3446421410380548
0.23297965480487529
0.06804963087832473
0.0674430476929675
0.4576241622696326
0.40298220897396103
0.22576484600261604
0.4112070550676186
0.5193879933129156
0.5507796339456278
0.3187840217537793
0.317107466580271
0.3041257418754935
0.8831282039194523
0.17077611319011649
0.15592892548708365
0.5270724758293459
0.6351986941675815
0.11234277891542778
0.2532094495161745
0.3446421410380548
0.2912194185636897
0.0845798608014702
0.11234277891542777
0.40298220897396103
0.5031026124151314
0.12735952979479354
0.21693381701139697
0.275195812175023
0.8466473536503033
0.14438355527738672
0.45026814465562653
0.11234277891542777
0.5193879933129156
0.18443191662261307
0.2532094495161745
0.3446421410380548
0.40298220897396103
0.13627634143908643
0.10163066979112657
0.27982806524328774
0.4576241622696325
0.0787446034559451
0.2605556710562624
0.38087260847594373
0.40298220897396103
0.14438355527738675
0.5586177528223194
0.20613696606828608
0.5031026124151314
0.18443191662261305
0.3041257418754935
0.3188827274930885
0.2912194185636897
0.2605556710562624
0.3188827274930885
0.40298220897396103
0.5193879933129156
